7
3
3
7
2
1
29
26
15
14
14
14
4
3
4
13
3
1
14
14
14
14
21
15
15
17
15
14
2
4
2
10
16
2
26
24
27
13
6
13
17
15
7
4
3
14
3
1
13
20
13
13
14
13
14
13
13
17
2
14
48
74
79
54
87
78
267
182
258
322
157
181
159
187
214
170
168
166
14
41
74
74
37
81
72
185
153
179
149
69
83
74
73
149
161
181
153
18
49
100
79
43
82
79
171
177
185
174
74
79
79
88
166
188
181
181
24
42
32
51
48
48
33
17
32
16
17
31
35
34
33
17
18
25
17
4
2
6
4
1
31
32
15
13
6
13
13
13
4
13
47
34
47
46
33
60
24
23
18
19
45
36
53
41
19
18
17
18
19
20
312
56
54
350
76
66
341
59
80
326
76
61
121
127
117
122
309
61
55
355
64
71
331
58
66
369
59
58
117
124
120
126
51
56
64
65
82
65
66
63
127
120
135
124
19
19
336
50
50
366
63
64
356
73
64
327
62
58
152
141
148
157
320
53
47
356
65
62
369
75
66
335
59
61
149
140
141
145
47
50
63
64
74
64
58
57
141
139
138
136
4
2
6
4
2
39
29
20
19
5
12
13
13
4
13
38
16
17
37
16
15
11
12
9
9
15
16
15
16
11
11
9
10
3
4
13
3
2
14
13
14
13
13
13
15
14
13
13
2
14
44
25
25
56
24
23
12
13
13
14
27
31
25
24
16
13
13
14
13
42
92
92
41
96
85
164
181
177
194
77
90
94
87
169
177
184
171
20
46
82
81
41
78
83
169
169
173
178
86
93
82
87
170
186
178
213
19
1
13
2
13
14
14
13
13
20
17
14
13
13
18
75
70
32
54
50
31
64
58
18
64
50
154
150
182
199
29
57
66
20
90
44
21
68
85
20
49
45
152
190
187
255
44
59
68
36
49
55
48
54
154
162
179
149
15
14
54
35
28
61
23
42
149
156
76
35
32
76
35
63
146
160
36
46
25
42
158
160
21
18
368
75
79
389
53
53
362
48
45
349
43
46
140
143
182
165
283
40
49
303
54
48
316
47
38
319
42
35
161
143
145
155
34
44
38
34
45
49
48
37
140
143
149
165
6
6
22
4
2
14
18
16
22
18
16
18
16
17
17
3
4
2
3
13
7
35
24
19
19
7
18
20
16
5
23
76
23
17
80
31
24
20
18
10
20
28
16
43
46
21
18
17
15
27
70
31
26
38
24
16
11
12
10
12
16
17
31
33
12
12
14
12
13
47
18
20
40
16
15
10
11
9
9
16
19
17
18
11
12
10
9
3
3
19
4
5
13
21
13
14
13
14
13
14
14
13
2
14
45
98
95
58
94
92
217
183
197
179
91
106
115
105
179
237
200
188
13
52
15
17
39
17
16
12
13
10
12
16
16
17
23
12
13
10
12
15
43
88
81
39
87
85
181
202
215
190
73
91
102
82
164
173
206
184
4
4
19
5
2
23
16
13
14
14
14
14
14
14
13
2
14
47
17
24
58
26
16
12
12
10
11
17
16
17
16
15
12
9
12
16
46
105
93
39
87
99
196
192
215
199
91
94
106
110
184
382
238
189
20
49
93
83
43
93
81
167
188
186
191
77
83
83
82
166
177
196
171
38
51
51
34
55
49
27
27
28
27
18
13
14
5
3
14
3
1
13
13
13
13
14
13
13
13
13
13
2
3
1
1
8
2
27
27
14
14
5
13
14
13
3
14
44
21
34
40
23
21
11
12
12
12
21
28
22
21
12
12
12
12
14
2
13
2
13
13
14
13
13
14
14
14
14
13
14
34
33
17
52
35
14
35
34
15
47
37
125
130
127
184
14
35
29
16
40
46
13
35
36
15
38
65
122
141
138
118
42
46
62
52
48
36
40
47
129
134
133
164
19
13
83
27
34
55
30
28
117
119
56
29
51
75
21
27
128
108
33
28
21
28
129
114
15
18
300
36
34
349
58
50
352
53
55
325
26
30
125
137
144
125
303
32
33
330
47
45
360
44
40
322
25
30
125
132
139
120
28
33
45
41
44
38
24
29
124
133
140
121
4
4
18
3
2
13
14
14
13
20
21
23
13
14
13
2
20
44
25
26
43
24
25
12
13
15
13
24
26
24
25
13
14
14
13
17
44
88
104
40
117
91
199
202
231
234
294
241
245
178
259
307
198
341
14
54
78
141
91
180
191
329
465
406
198
96
143
98
115
221
211
202
234
8
5
18
6
3
27
18
18
18
18
18
17
20
17
17
2
6
9
2
17
2
37
34
44
40
6
14
21
13
4
13
50
51
43
60
26
31
12
12
9
12
39
52
58
34
12
13
9
12
19
74
47
55
102
83
23
12
13
12
12
22
26
24
23
13
21
13
12
14
14
368
63
31
345
67
44
345
84
48
356
145
133
400
316
249
155
298
36
44
372
75
47
354
66
77
360
61
44
149
153
151
140
37
38
71
61
65
64
60
47
181
147
158
150
4
5
20
3
2
14
14
14
14
14
14
14
15
19
15
2
27
52
106
100
40
94
96
173
188
230
190
74
100
97
95
203
175
189
282
27
60
28
25
44
24
29
12
13
13
12
22
24
23
33
12
12
15
16
14
63
105
115
44
107
105
190
194
219
205
100
102
100
94
215
201
207
220
4
5
20
5
2
15
14
14
13
20
14
14
14
17
15
2
14
97
24
28
61
37
22
13
13
9
12
46
25
32
20
12
12
24
22
19
53
96
102
50
99
92
175
243
273
302
88
109
138
164
237
175
196
190
51
103
124
51
103
95
182
197
185
207
4
3
14
4
2
13
21
13
13
13
18
16
13
14
13
2
28
69
93
95
43
115
102
186
185
199
195
94
102
114
120
191
202
188
190
6
6
27
4
2
4
19
14
14
14
14
13
22
61
105
114
41
107
103
186
353
243
194
83
107
110
107
192
190
205
253
28
56
102
101
38
101
99
197
193
193
194
94
123
105
115
194
207
189
195
21
48
102
94
39
95
122
188
193
201
193
86
107
105
115
183
186
180
190
14
4
15
2
16
14
14
14
14
13
15
15
13
15
17
16
36
35
23
69
65
19
59
45
22
55
63
143
147
144
155
15
34
30
19
62
73
19
56
47
18
56
66
145
138
151
140
38
40
60
63
54
42
49
52
149
136
153
141
14
13
68
146
137
76
160
150
135
132
58
139
136
74
160
148
126
126
119
146
154
150
126
127
20
269
168
158
281
187
185
201
208
214
202
161
173
190
184
209
219
207
215
Search time : 169772 ms
nb_explored_schedules : 530
8
3
3
8
4
2
25
16
26
14
15
18
4
3
4
14
4
2
14
15
20
13
16
16
13
20
15
15
2
4
2
7
4
2
34
