12
7
7
7
2
2
33
13
14
13
13
14
3
4
3
14
4
2
13
13
15
14
14
14
14
14
14
14
2
5
2
7
6
7
37
15
14
14
5
13
13
13
3
3
7
14
4
2
13
13
13
13
14
12
13
13
13
13
2
13
54
73
77
42
111
171
182
262
333
321
158
162
83
83
170
161
171
173
23
41
72
74
37
76
73
165
163
178
173
71
73
77
84
151
173
160
151
18
55
81
90
42
85
79
169
167
188
172
80
80
80
85
166
182
188
170
21
42
32
37
42
35
36
18
23
17
18
32
34
34
42
17
18
17
19
3
2
6
4
1
31
33
14
13
5
13
13
13
3
14
42
35
39
41
35
34
19
18
17
32
33
36
33
34
28
18
17
19
19
13
308
57
55
357
65
66
347
68
73
331
66
61
130
121
131
121
316
55
57
356
79
65
355
59
74
349
72
61
126
125
122
122
52
57
64
64
57
75
74
58
133
134
136
126
18
19
343
50
76
361
65
62
353
73
62
349
61
60
154
141
151
145
328
52
47
355
76
62
362
66
73
330
58
60
141
160
137
155
46
55
63
62
66
81
71
60
151
146
141
144
4
2
6
5
2
54
39
20
13
5
12
12
13
4
14
40
16
16
36
16
16
11
11
10
9
16
17
16
16
11
12
10
9
3
3
13
3
2
13
15
14
13
13
13
13
13
13
14
2
16
44
23
29
42
25
24
12
13
13
27
23
25
24
24
15
14
13
14
28
42
98
91
38
97
90
173
205
190
178
77
88
94
86
207
269
253
261
20
44
79
81
42
93
161
171
172
174
183
107
83
80
91
169
174
180
174
19
2
13
2
13
13
13
13
20
13
13
13
13
14
14
36
45
17
55
38
18
49
48
22
42
43
148
145
144
154
14
36
55
16
50
37
18
49
50
16
44
43
148
145
155
150
36
46
45
37
49
49
43
40
141
173
144
142
13
23
51
29
27
58
22
37
129
136
60
28
27
60
22
37
133
121
32
28
22
41
126
127
21
13
274
37
43
308
41
38
302
44
54
294
44
37
150
148
151
142
274
36
43
288
50
34
317
45
39
305
52
37
158
153
150
139
34
44
38
47
43
38
43
36
144
143
165
145
11
5
18
3
2
13
14
17
14
13
14
13
14
13
14
2
3
2
2
9
2
25
31
14
14
6
14
13
13
4
14
54
16
17
42
16
16
11
12
9
12
16
20
17
16
12
12
10
12
19
43
15
17
48
16
16
11
12
14
16
15
16
16
16
15
12
9
11
13
47
16
16
42
17
16
11
11
10
9
16
16
17
16
11
12
10
9
4
3
18
3
2
15
14
15
14
13
13
13
13
14
13
2
14
43
97
96
48
96
88
195
183
186
180
93
104
98
93
224
181
201
182
13
39
15
15
44
28
15
11
22
16
20
25
30
18
31
21
22
15
23
27
51
98
89
40
89
81
198
225
199
179
76
88
88
80
174
195
180
185
4
4
19
5
2
28
13
13
14
13
13
13
13
14
14
3
14
46
16
23
44
22
15
36
23
17
20
31
29
29
24
12
12
10
12
14
44
90
93
41
99
97
194
216
209
179
113
98
155
121
180
195
202
197
19
48
83
81
43
84
83
165
177
178
189
86
84
83
94
167
180
191
182
34
49
49
33
49
49
26
27
28
26
18
13
13
5
3
26
4
1
12
19
26
29
26
26
28
29
30
27
5
6
8
3
22
8
61
41
23
23
17
23
13
14
4
13
43
24
22
40
22
24
11
12
12
14
21
26
22
20
11
12
12
12
14
2
13
2
14
15
14
13
13
13
14
15
20
14
14
33
29
15
39
36
14
36
35
15
38
36
128
122
126
149
20
33
42
18
41
45
27
43
36
15
38
38
128
127
132
131
34
30
41
36
36
44
38
37
128
125
129
130
20
13
54
25
37
56
21
27
120
113
51
24
25
56
21
38
127
120
35
25
20
27
118
127
22
13
291
30
33
321
45
58
339
45
39
348
25
29
132
136
136
136
302
31
32
342
46
49
323
45
51
320
25
52
125
126
143
135
30
33
45
40
42
51
25
30
127
147
126
121
5
5
19
4
1
13
14
13
13
13
13
13
13
13
13
2
14
44
23
25
41
32
24
12
13
13
12
23
25
23
24
12
13
13
13
14
43
89
90
41
102
91
184
189
200
199
89
97
92
91
183
224
183
189
14
44
80
83
41
78
81
161
168
171
169
80
83
88
81
170
175
163
181
3
4
14
3
2
22
13
13
13
13
13
13
13
13
14
2
3
1
2
8
2
24
27
14
14
6
13
14
13
3
15
46
23
24
39
21
22
12
12
9
11
21
31
21
22
12
12
9
12
21
46
23
25
43
22
22
12
12
13
12
34
28
21
23
12
12
12
12
14
14
301
37
31
326
54
39
327
50
48
298
46
39
139
125
134
120
298
39
30
341
45
44
315
58
45
562
46
57
148
130
135
156
37
34
52
52
59
54
53
40
142
130
127
141
5
5
18
3
1
17
14
14
13
13
14
13
13
13
14
2
14
51
73
76
53
81
77
159
162
183
163
93
84
76
73
155
176
166
166
25
44
22
25
42
24
22
12
13
13
13
22
27
33
24
12
12
12
15
13
50
81
81
54
94
80
175
182
183
182
80
85
86
81
175
179
186
192
4
4
18
3
2
13
14
14
13
13
13
14
13
20
13
2
13
40
21
24
42
24
22
13
14
10
12
22
24
24
22
13
13
10
13
28
42
75
78
40
94
75
162
166
169
180
75
76
77
74
157
163
173
154
75
87
86
45
93
77
180
170
181
173
3
4
13
4
1
14
13
13
13
13
14
13
14
15
19
3
13
43
83
85
41
79
78
163
170
171
172
78
80
79
76
163
198
174
181
6
4
18
4
2
4
18
13
14
14
14
14
16
44
84
87
42
91
92
183
181
246
230
78
87
92
93
177
183
183
182
21
50
84
97
51
86
93
174
168
177
187
77
87
95
83
166
197
189
170
20
41
88
82
49
79
80
172
177
178
176
81
89
87
82
171
168
184
192
14
11
13
2
13
26
13
17
13
13
13
14
13
16
14
17
33
31
20
51
46
18
45
49
17
49
44
124
135
127
135
15
33
31
19
55
45
17
42
49
17
49
45
121
151
132
128
33
32
52
47
53
36
46
52
124
131
133
138
14
14
61
116
128
60
140
139
118
120
54
124
123
59
142
132
109
109
115
119
143
130
109
122
20
256
159
157
283
194
173
186
193
187
187
154
149
174
170
183
187
191
197
Search time : 155176 ms
nb_explored_schedules : 530
